500
0.567034
0.680197
0.512253
0.514634
0.472182
0.824213
0.238227
0.653829
0.730216
0.142369
0.649434
0.395215
0.364330
0.315592
0.951903
0.875118
0.202368
0.649922
0.358654
0.560259
0.026276
0.753105
0.685720
0.585284
0.184576
0.822260
0.113742
0.592212
0.698965
0.449080
0.397259
0.228126
0.396130
0.349132
0.302225
0.957427
0.096561
0.921018
0.553423
0.344340
0.390881
0.041688
0.072939
0.463179
0.035493
0.004944
0.790735
0.590899
0.498703
0.007965
0.808832
0.839808
0.688253
0.093661
0.200323
0.885586
0.391888
0.953825
0.224342
0.447523
0.462172
0.500015
0.238258
0.676656
0.276467
0.608539
0.088412
0.108676
0.503677
0.945097
0.260659
0.337291
0.708823
0.275948
0.571886
0.064638
0.826868
0.171697
0.683798
0.685080
0.036836
0.509842
0.220191
0.057924
0.067568
0.682455
0.769189
0.626606
0.466506
0.915036
0.551134
0.539109
0.862300
0.603168
0.033998
0.927061
0.753227
0.072878
0.277383
0.998993
0.851924
0.671102
0.285958
0.104526
0.518235
0.592364
0.154271
0.425459
0.310892
0.348277
0.283608
0.449873
0.190039
0.285623
0.452406
0.885830
0.400922
0.059664
0.021485
0.170873
0.570818
0.468795
0.055239
0.233406
0.049928
0.556597
0.640187
0.662130
0.027741
0.387921
0.181829
0.940062
0.456038
0.404950
0.961638
0.899289
0.309580
0.769585
0.734489
0.052705
0.216376
0.598437
0.649129
0.958770
0.987854
0.496658
0.271340
0.275826
0.081027
0.296915
0.992615
0.662221
0.523423
0.409345
0.604144
0.178167
0.331980
0.689688
0.318735
0.346049
0.957793
0.230659
0.020783
0.524918
0.786950
0.983795
0.026093
0.755974
0.229621
0.617328
0.133000
0.734703
0.428297
0.517106
0.245308
0.066500
0.116062
0.335643
0.349101
0.461623
0.657033
0.996948
0.124180
0.025636
0.799158
0.562120
0.971526
0.302286
0.171575
0.863033
0.737938
0.224128
0.057222
0.309336
0.919462
0.627857
0.471847
0.775994
0.624256
0.490219
0.081332
0.976775
0.076693
0.541032
0.987945
0.230537
0.943602
0.409101
0.916776
0.026399
0.264077
0.958098
0.834223
0.293771
0.264138
0.967498
0.529160
0.783776
0.837275
0.816034
0.188116
0.468429
0.972198
0.323038
0.496200
0.363475
0.909360
0.404370
0.294198
0.681265
0.307077
0.699026
0.323954
0.720145
0.198553
0.822504
0.092776
0.396191
0.021485
0.403760
0.388165
0.824122
0.500870
0.561357
0.474166
0.852718
0.666646
0.975280
0.500748
0.962279
0.787591
0.210761
0.157231
0.429029
0.502213
0.450575
0.101169
0.163793
0.928251
0.291269
0.193670
0.130497
0.031800
0.760491
0.072939
0.751030
0.037935
0.211219
0.096622
0.202795
0.162908
0.249001
0.184851
0.015076
0.450331
0.348857
0.594684
0.870296
0.992035
0.317789
0.157537
0.016755
0.314920
0.259285
0.010804
0.199133
0.215003
0.195898
0.354808
0.512345
0.820093
0.006500
0.266274
0.085849
0.162023
0.834101
0.100009
0.004242
0.040407
0.620502
0.509476
0.370342
0.457869
0.924528
0.617634
0.916990
0.409589
0.679189
0.369884
0.074252
0.307016
0.045106
0.599414
0.897763
0.817957
0.015473
0.837001
0.764397
0.403760
0.929380
0.395978
0.242347
0.335124
0.549394
0.764153
0.040742
0.467513
0.860500
0.833216
0.445906
0.557726
0.244942
0.997559
0.149998
0.402753
0.191290
0.653523
0.878719
0.582049
0.192267
0.130039
0.723716
0.084445
0.988586
0.582446
0.586871
0.601581
0.814631
0.880123
0.641591
0.767937
0.802545
0.019868
0.218299
0.129856
0.200446
0.095737
0.019807
0.124210
0.561602
0.356670
0.073244
0.847987
0.560381
0.383374
0.324290
0.900174
0.591601
0.915799
0.280313
0.077273
0.809229
0.361766
0.608905
0.203528
0.760643
0.518967
0.097079
0.877041
0.273110
0.540849
0.878872
0.413251
0.748344
0.677938
0.335948
0.767083
0.521409
0.825800
0.578997
0.714499
0.440596
0.410932
0.914914
0.075442
0.323832
0.645741
0.206885
0.258889
0.448927
0.684042
0.533280
0.911191
0.732475
0.707846
0.051332
0.949644
0.755150
0.477615
0.472610
0.761711
0.288675
0.376080
0.055544
0.851680
0.480850
0.477798
0.522324
0.715720
0.355327
0.675222
0.805414
0.226814
0.781884
0.392682
0.030610
0.310739
0.573717
0.919645
0.642811
0.194037
0.867977
0.894009
0.080142
0.005860
0.445601
0.967406
0.903867
0.014374
0.147160
0.183264
0.788842
0.279275
0.040254
0.098941
0.282235
0.001373
0.495437
0.183386
0.735679
0.351024
0.826472
0.521195
0.317484
0.056001
0.651173
0.354961
0.511521
0.530625
0.629566
0.496323
0.008209
0.826960
0.734764
0.137730
0.394818
0.189703
0.713584
0.095676
0.550432
0.495743
0.892972
0.016938
0.152470
0.359691
0.988098
0.578845
0.200781
0.186865
0.068697
0.214850
0.965484
0.954527
0.340281
0.397229
0.264901
0.003021
0.895383
0.006928
0.479904
0.618152
0.092196
0.823328
0.210639
0.685232
0.716483
0.663564
0.982452
0.197302
0.582507
